0.9034452111227705
0.8875005491877679
0.8648538413224592
0.8361492741203713
0.8021451286347241
15.258219825824602
40.0
0.30950608623035125
19.569991281795485
17.379948595468928
17.341511346815356
17.205794993365096
17.1514102567844
17.310868855102154
3.161956193421041
4.505260781087612
5.178679122598909
5.677102513988438
5.957473623991013
5.994613449174897
5.905977779740695
5.745804002069815
5.541069083792837
5.30695841890146
5.053056206514237
4.785988169970221
4.510667451579778
4.230942686402955
0.35652854774746656
0.4703276783525925
0.48396854753070095
0.47901863800867606
0.45590783926468026
0.41727125330220527
0.36740639764545496
0.3114147575124652
0.25429276323297584
0.20020893107634752
0.15209545828489912
0.11156116503666823
